<?xml version="1.0" standalone="no"?>
<!DOCTYPE svg PUBLIC "-//W3C//DTD SVG 20010904//EN"
 "http://www.w3.org/TR/2001/REC-SVG-20010904/DTD/svg10.dtd">
<svg version="1.0" xmlns="http://www.w3.org/2000/svg"
 width="2048.000000pt" height="2048.000000pt" viewBox="0 0 2048.000000 2048.000000"
 preserveAspectRatio="xMidYMid meet">

<g transform="translate(0.000000,2048.000000) scale(0.100000,-0.100000)"
fill="#000000" stroke="none">
<path d="M6696 14688 c-124 -700 -61 -1389 182 -1992 l55 -139 -65 -59 c-105
-94 -331 -351 -402 -459 l-37 -57 41 -82 c43 -85 229 -432 260 -485 10 -16 54
-97 98 -180 44 -82 110 -206 147 -275 131 -241 954 -1786 1113 -2087 55 -103
173 -323 262 -488 238 -439 474 -875 580 -1075 124 -234 457 -848 590 -1090
59 -107 216 -400 349 -650 413 -776 384 -723 399 -703 7 10 58 103 114 208 56
104 160 298 231 430 72 132 178 330 237 440 124 232 307 570 475 875 197 361
298 545 418 770 63 118 182 341 264 495 335 626 736 1377 956 1790 49 94 114
213 142 265 29 52 93 172 143 265 173 327 555 1042 662 1240 166 308 173 324
162 350 -23 50 -187 240 -342 396 l-165 166 43 107 c198 497 278 1116 222
1721 -11 119 -49 387 -56 394 -2 2 -54 -22 -116 -54 -389 -201 -633 -377 -923
-669 -290 -291 -527 -626 -661 -934 l-32 -74 -1489 1 c-818 0 -1626 1 -1794 1
l-306 0 -60 124 c-292 594 -814 1141 -1399 1464 -92 51 -270 142 -278 142 -2
0 -11 -42 -20 -92z"/>
</g>
</svg>
